 0.0  1.0  2.0  3.0  4.0  5.0  6.0  7.0  8.0  9.0 
 1.0  1.4  2.4  3.4  4.4  5.4  6.4  7.4  8.4  9.4 
 2.0  2.4  2.8  3.8  4.8  5.8  6.8  7.8  8.8  9.8 
 3.0  3.4  3.8  4.2  5.2  6.2  7.2  8.2  9.2  10.2 
 4.0  4.4  4.8  5.2  5.7  6.7  7.7  8.7  9.7  10.7 
 5.0  5.4  5.8  6.2  6.7  7.1  8.1  9.1  10.1  11.1 
 6.0  6.4  6.8  7.2  7.7  8.1  8.5  9.5  10.5  11.5 
 7.0  7.4  7.8  8.2  8.7  9.1  9.5  9.9  10.9  11.9 
 8.0  8.4  8.8  9.2  9.7  10.1  10.5  10.9  11.3  12.3 
 9.0  9.4  9.8  10.2  10.7  11.1  11.5  11.9  12.3  12.7

 N  1.0  2.0  3.0  4.0  5.0  6.0  7.0  N  25.2 
 1.0  1.4  2.4  3.4  4.4  5.4  N  7.4  N  24.2 
 2.0  N  N  N  N  N  N  8.4  N  23.2 
 3.0  N  7.8  8.2  9.2  N  N  9.4  N  22.2 
 4.0  N  6.8  7.8  8.8  9.8  N  10.4  N  21.2 
 5.0  5.4  N  N  N  10.2  N  11.4  N  20.2 
 6.0  6.4  N  N  N  11.2  N  12.4  N  19.2 
 7.0  7.4  N  N  N  12.2  N  13.4  N  18.2 
 8.0  8.4  N  N  N  13.2  N  14.4  N  17.2 
 9.0  9.4  N  N  14.7  14.2  14.7  15.4  15.8  16.8

 NON  1.0  2.0  3.0  4.0   5.0   6.0  7.0   NON   24.7
 1.0  1.41 2.41 3.41 4.41  5.41  6.41 7.41  NON   23.7
 2.0  NON  NON  NON  NON   NON   NON  7.83  NON   22.7
 3.0  NON  23.5 22.5 22.1  NON   NON  8.83  NON   21.7
 4.0  NON  NON  NON  21.1  20.7  NON  9.83  NON   20.7
 5.0  NON  NON  NON  20.1  19.7  NON  10.8  NON   19.7
 6.0  NON  NON  NON  19.1  18.7  NON  11.8  NON   18.7
 NON  NON  NON  NON  18.1  17.7  NON  12.8  NON   17.7
 NON  NON  NON  NON  17.7  16.7  NON  13.8  NON   16.7
 21.2 20.2 19.2 18.2 17.2  16.2  15.2 14.8  15.2  16.2

 NON  1.0  2.0  3.0  4.0  5.0  6.0  7.0  NON  9.83 
 1.0  1.41  2.41  NON  NON  5.41  6.41  NON  8.41  9.41 
 2.0  2.41  2.83  NON  NON  NON  NON  7.83  8.83  9.83 
 3.0  3.41  3.83  4.24  NON  7.07  8.07  8.83  9.24  10.2 
 4.0  4.41  4.83  5.24  5.66  6.66  7.66  8.66  9.66  10.7 
 5.0  5.41  5.83  6.24  6.66  7.07  8.07  9.07  10.1  11.1 
 6.0  6.41  6.83  7.24  7.66  8.07  8.49  9.49  10.5  11.5 
 7.0  7.41  7.83  8.24  8.66  9.07  9.49  9.9  10.9  11.9 
 8.0  8.41  8.83  9.24  9.66  10.1  10.5  10.9  11.3  12.3 
 9.0  9.41  9.83  10.2  10.7  11.1  11.5  11.9  12.3  12.7 

 NON  1.0  2.0  3.0  4.0  5.0  6.0  7.0  NON  24.7 
 1.0  1.41  2.41  3.41  4.41  5.41  6.41  7.41  NON  23.7 
 2.0  NON  NON  NON  NON  NON  NON  7.83  NON  22.7 
 3.0  NON  23.5  22.5  22.1  21.7  NON  8.83  NON  21.7 
 4.0  NON  NON  NON  21.1  20.7  NON  9.83  NON  20.7 
 5.0  NON  NON  NON  20.1  19.7  NON  10.8  NON  19.7 
 6.0  NON  NON  NON  19.1  18.7  NON  11.8  NON  18.7 
 NON  NON  NON  NON  18.1  17.7  NON  12.8  NON  17.7 
 NON  NON  NON  NON  17.7  16.7  NON  13.8  NON  16.7 
 21.2  20.2  19.2  18.2  17.2  16.2  15.2  14.8  15.2  16.2 

 NON  1.0  2.0  3.0  4.0  5.0  6.0  7.0  NON  25.2 
 1.0  1.41  2.41  3.41  4.41  5.41  NON  7.41  NON  24.2 
 2.0  NON  NON  NON  NON  NON  NON  8.41  NON  23.2 
 3.0  NON  7.83  8.24  9.24  NON  NON  9.41  NON  22.2 
 4.0  NON  6.83  7.83  8.83  9.83  NON  10.4  NON  21.2 
 5.0  5.41  NON  NON  NON  10.2  NON  11.4  NON  20.2 
 6.0  6.41  NON  NON  NON  11.2  NON  12.4  NON  19.2 
 7.0  7.41  NON  NON  NON  12.2  NON  13.4  NON  18.2 
 8.0  8.41  NON  NON  NON  13.2  NON  14.4  NON  17.2 
 9.0  9.41  9.83  10.8  NON  14.2  14.7  15.4  15.8  16.8 

 25.2  24.2  23.2  22.2  21.2  20.2  19.2  18.8  NON  NON 
 24.2  24.7  23.7  NON  NON  NON  NON  17.8  NON  1.0 
 23.2  NON  NON  NON  19.2  18.8  NON  16.8  NON  2.0 
 22.2  NON  NON  NON  18.2  17.8  NON  15.8  NON  3.0 
 21.2  NON  NON  NON  17.2  16.8  NON  14.8  NON  4.0 
 20.2  NON  NON  NON  16.2  15.8  NON  13.8  NON  5.0 
 19.2  NON  NON  NON  15.2  14.8  NON  12.8  NON  6.0 
 18.2  NON  NON  NON  14.2  13.8  NON  11.8  NON  7.0 
 17.8  16.8  15.8  NON  13.8  12.8  NON  10.8  NON  8.0 
 17.4  16.4  15.4  14.4  13.4  12.4  11.4  10.4  9.41  9.0 

 NON  1.0  2.0  NON  NON  23.1  22.7  22.3  NON  21.5 
 1.0  1.41  2.41  NON  NON  22.1  21.7  21.3  NON  20.5 
 2.0  2.41  NON  3.83  NON  21.7  20.7  20.3  NON  19.5 
 3.0  3.41  NON  4.83  NON  21.3  20.3  19.3  NON  18.5 
 4.0  NON  4.83  NON  NON  21.7  20.7  NON  17.9  17.5 
 5.0  NON  5.83  NON  NON  NON  NON  NON  16.9  16.5 
 6.0  NON  6.83  7.24  8.24  9.24  NON  18.3  NON  15.5 
 7.0  NON  NON  NON  8.66  9.66  NON  NON  NON  14.5 
 8.0  8.41  9.41  NON  9.66  NON  11.1  12.1  13.1  14.1 
 9.0  9.41  9.83  10.8  10.7  11.1  12.1  12.5  13.5  14.5 

